It#	Test acc	 Train acc
It#	Test acc	 Train acc
1	 0.81283	0.87880
2	 0.82471	0.92428
3	 0.83478	0.94875
4	 0.84304	0.96526
5	 0.84970	0.97332
6	 0.85081	0.97709
7	 0.85188	0.97989
8	 0.85089	0.98316
9	 0.85332	0.98570
10	 0.85447	0.98859
11	 0.85353	0.98889
12	 0.85562	0.99092
13	 0.85644	0.99177
14	 0.85472	0.99126
15	 0.85501	0.99389
16	 0.85422	0.99262
17	 0.85459	0.99228
18	 0.85797	0.99372
19	 0.85768	0.99406
20	 0.85653	0.99432
21	 0.85686	0.99521
22	 0.85517	0.99402
23	 0.85809	0.99533
24	 0.85735	0.99559
25	 0.85718	0.99546
26	 0.85702	0.99470
27	 0.85706	0.99631
28	 0.85751	0.99605
29	 0.85640	0.99533
30	 0.85517	0.99584
31	 0.85509	0.99449
32	 0.85525	0.99512
33	 0.85607	0.99516
34	 0.85628	0.99593
35	 0.85887	0.99784
36	 0.85640	0.99593
37	 0.85702	0.99656
38	 0.85665	0.99529
39	 0.85912	0.99644
40	 0.85932	0.99648
41	 0.85829	0.99622
42	 0.85784	0.99737
43	 0.85751	0.99635
44	 0.85673	0.99521
45	 0.85866	0.99695
46	 0.85677	0.99703
47	 0.85784	0.99686
48	 0.85714	0.99563
49	 0.85681	0.99707
50	 0.85817	0.99699
51	 0.85747	0.99699
52	 0.85797	0.99737
53	 0.85718	0.99792
54	 0.85644	0.99690
55	 0.85850	0.99788
56	 0.85854	0.99758
57	 0.85846	0.99843
58	 0.85899	0.99707
59	 0.85916	0.99839
60	 0.86002	0.99813
61	 0.85928	0.99724
62	 0.85957	0.99830
63	 0.86031	0.99809
64	 0.85973	0.99796
65	 0.85965	0.99813
66	 0.85834	0.99792
67	 0.85903	0.99818
68	 0.85850	0.99813
69	 0.85961	0.99822
70	 0.85928	0.99792
71	 0.85940	0.99796
72	 0.86039	0.99775
73	 0.85994	0.99631
74	 0.85825	0.99695
75	 0.85953	0.99758
76	 0.85949	0.99796
77	 0.85792	0.99754
78	 0.85883	0.99835
79	 0.85871	0.99822
80	 0.86043	0.99843
81	 0.85920	0.99788
82	 0.85879	0.99813
83	 0.86088	0.99788
84	 0.86023	0.99822
85	 0.86084	0.99805
86	 0.85932	0.99809
87	 0.85994	0.99835
88	 0.85969	0.99801
89	 0.85908	0.99813
90	 0.85801	0.99788
91	 0.85871	0.99822
92	 0.85875	0.99818
93	 0.86023	0.99868
94	 0.85961	0.99801
95	 0.85895	0.99745
96	 0.85825	0.99822
97	 0.85735	0.99758
98	 0.85858	0.99805
99	 0.85768	0.99741
100	 0.85875	0.99809
